5
2 2 3 2 2
0 0 0 0 0
5 4 3 2 1 0 0 0 0 0
0 0 0 0 0 1 2 3 4 5

1 0 1 0 1 0 1 0 1 0
0 1 0 1 0 1 0 1 0 1

0 0 0 0 0 5 4 3 2 1
1 2 3 4 5 0 0 0 0 0

2 0 2 0 2 0 2 0 2 0
0 2 0 2 0 2 0 2 0 2

10 9 8 7 6 0 0 0 0 0
0 0 0 0 0 6 7 8 9 10

3 0 3 0 3 0 3 0 3 0
0 3 0 3 0 3 0 3 0 3

0 0 0 0 0 10 9 8 7 6
6 7 8 9 10 0 0 0 0 0

4 0 4 0 4 0 4 0 4 0
0 4 0 4 0 4 0 4 0 4

1 5 3 5 8 9 0 4 1 1
1 5 7 2 2 2 8 9 4 4

2 2 3 5 8 8 9 1 2 12
5 3 8 8 13 1 0 0 4 1

3 7 6 5 1 8 9 5 6 19
1 2 2 4 7 7 5 3 6 8

1 1 8 2 9 5 5 6 3 7
4 5 1 8 14 4 9 7 8 6